1.2967050075531006
 1.263221025466919
 1.2598519325256348
 1.2603137493133545
 1.263932228088379
 1.2638559341430664
 1.2481751441955566
 1.273810863494873
 1.2741608619689941
 1.2604200839996338
 1.2791612148284912
 1.2660717964172363
 1.2554421424865723
 1.2698519229888916
 1.2689998149871826
 1.2849888801574707
 1.2484610080718994
 1.2607929706573486
 1.2661471366882324
 1.26397705078125
 1.2491838932037354
 1.250291109085083
 1.2819037437438965
 1.2592861652374268
 1.248561143875122
 1.254288911819458
 1.2626640796661377
 1.2496073246002197
 1.2599399089813232
 1.2499110698699951
 1.2580139636993408
 1.2701740264892578
 1.2428998947143555
 1.2576978206634521
 1.2695772647857666
 1.2661769390106201
 1.26131272315979
 1.2667691707611084
 1.2686758041381836
 1.2871623039245605
 1.2513868808746338
 1.2641472816467285
 1.244673728942871
 1.2578251361846924
 1.2571079730987549
 1.2737069129943848
 1.263597011566162
 1.2777540683746338
 1.283390998840332
 1.2562730312347412
 1.262639045715332
 1.2574889659881592
 1.2565500736236572
 1.2619349956512451
 1.254418134689331
 1.2485148906707764
 1.2497847080230713
 1.2661681175231934
 1.2737858295440674
 1.2501251697540283
 1.2523009777069092
 1.2604899406433105
 1.263401985168457
 1.2591650485992432
 1.270423173904419
 1.2643868923187256
 1.2472221851348877
 1.2591538429260254
 1.2594389915466309
 1.2469420433044434
 1.2600500583648682
 1.2719321250915527
 1.2605557441711426
 1.248786211013794
 1.275493860244751
 1.2533881664276123
 1.2606768608093262
 1.2571592330932617
 1.2445189952850342
 1.2390880584716797
 1.2575256824493408
 1.249682903289795
 1.2735497951507568
 1.2648310661315918
 1.2559099197387695
 1.262444019317627
 1.271684169769287
 1.2703261375427246
 1.2688779830932617
 1.295849084854126
 1.260934829711914
 1.276885986328125
 1.2593400478363037
 1.259437084197998
 1.2750279903411865
 1.2616019248962402
 1.2589759826660156
 1.2706632614135742
 1.26676607131958
 1.2597367763519287
 1.2416439056396484
 1.2568459510803223
 1.2841649055480957
 1.2660412788391113
 1.2717139720916748
 1.264920949935913
 1.2676851749420166
 1.277005910873413
 1.2648000717163086
 1.2512421607971191
 1.2839088439941406
 1.280668020248413
 1.247258186340332
 1.2558541297912598
 1.2519681453704834
 1.2598929405212402
 1.2454028129577637
 1.2643539905548096
 1.2446448802947998
 1.2618372440338135
 1.2563729286193848
 1.2600069046020508
 1.2570838928222656
 1.2819221019744873
 1.2562456130981445
 1.2646570205688477
 1.2521071434020996
 1.2408027648925781
 1.2387802600860596
 1.2778422832489014
 1.2616257667541504
 1.2476882934570312
 1.3005108833312988
 1.2728347778320312
 1.2886228561401367
 1.2672638893127441
 1.2687592506408691
 1.2727508544921875
 1.2634868621826172
 1.2784788608551025
 1.2673380374908447
 1.246758222579956
 1.2944400310516357
 1.2709460258483887
 1.2599890232086182
 1.2551171779632568
 1.2424979209899902
 1.266305923461914
 1.2452630996704102
 1.261538028717041
 1.2781407833099365
 1.292402744293213
 1.2855720520019531
 1.2890141010284424
 1.263899803161621
 1.2707841396331787
 1.2554371356964111
 1.2930598258972168
 1.280625820159912
 1.259674072265625
 1.252046823501587
 1.2787981033325195
 1.2590630054473877
 1.25980806350708
 1.2623298168182373
 1.2801899909973145
 1.2676851749420166
 1.2739660739898682
 1.2624869346618652
 1.2567369937896729
 1.2414109706878662
 1.2513880729675293
 1.2576518058776855
 1.2534499168395996
 1.251539945602417
 1.2509779930114746
 1.264167070388794
 1.2683429718017578
 1.2566041946411133
 1.2590439319610596
 1.2756640911102295
 1.2828750610351562
 1.2824351787567139
 1.2646708488464355
 1.2623519897460938
 1.259289026260376
 1.2488648891448975
 1.2697670459747314
 1.268996000289917
 1.283539056777954
 1.2618229389190674
 1.2721033096313477
 1.2632348537445068
 1.249650239944458
 1.2749292850494385
 1.2543809413909912
 1.2607839107513428
 1.2603380680084229
 1.2526593208312988
 1.2467310428619385
 1.251978874206543
 1.2609858512878418
 1.2687931060791016
 1.2713127136230469
 1.246617078781128
 1.289175033569336
 1.2574849128723145
 1.2152252197265625
 1.2453727722167969
 1.2674062252044678
 1.2694370746612549
 1.2742688655853271
 1.2739832401275635
 1.2592658996582031
 1.2595219612121582
 1.2533340454101562
 1.4057507514953613
 1.351086139678955
 1.2817747592926025
 1.2675120830535889
 1.2629358768463135
 1.2838709354400635
 1.270820140838623
 1.2622101306915283
 1.2658228874206543
 1.2885801792144775
 1.266855239868164
 1.2620160579681396
 1.266402006149292
 1.2827022075653076
 1.2717719078063965
 1.2542331218719482
 1.2571790218353271
 1.2849969863891602
 1.2871320247650146
 1.2557268142700195
 1.2899560928344727
 1.2646698951721191
 1.282170057296753
 1.26715087890625
 1.276987075805664
 1.2735309600830078
 1.2679109573364258
 1.2706348896026611
 1.2699823379516602
 1.2596254348754883
 1.273202896118164
 1.2929129600524902
 1.2689599990844727
 1.2532222270965576
 1.269399881362915
 1.2852561473846436
 1.2814526557922363
 1.2693581581115723
 1.2663309574127197
 1.2690622806549072
 1.2997949123382568
 1.256239891052246
 1.2631511688232422
 1.273164987564087
 1.2953579425811768
 1.262394905090332
 1.267073154449463
 1.2625210285186768
 1.2816698551177979
 1.2727479934692383
 1.2565510272979736
 1.2584202289581299
 1.2669589519500732
 1.3041999340057373
 1.2917978763580322
 1.274245262145996
 1.2617452144622803
 1.2929837703704834
 1.2690441608428955
 1.2738869190216064
 1.2866160869598389
 1.2994320392608643
 1.2816011905670166
 1.2565429210662842
 1.2670762538909912
 1.2797608375549316
 1.2726678848266602
 1.287602186203003
 1.2726719379425049
 1.278724193572998
 1.2846899032592773
 1.2684431076049805
 1.277195692062378
 1.2598040103912354
 1.2931268215179443
 1.264793872833252
 1.2631878852844238
 1.2737681865692139
 1.277547836303711
 1.2730553150177002
 1.269996166229248
 1.2612240314483643
 1.259843111038208
 1.3010799884796143
 1.2719392776489258
 1.2790770530700684
 1.2614750862121582
 1.2891242504119873
 1.2716178894042969
 1.2654798030853271
 1.2659237384796143
 1.2668800354003906
 1.2733731269836426
 1.267859935760498
 1.2777719497680664
 1.2652451992034912
 1.300502061843872
 1.271785020828247
 1.267949104309082
 1.2709438800811768
 1.2959840297698975
 1.2752339839935303
 1.2697479724884033
 1.2716128826141357
 1.2799530029296875
 1.2674219608306885
 1.266127109527588
 1.2888288497924805
 1.2640199661254883
 1.2947568893432617
 1.2584619522094727
 1.2629590034484863
 1.2780299186706543
 1.28672194480896
 1.2755870819091797
 1.2705469131469727
 1.2831852436065674
 1.291187047958374
 1.266061782836914
 1.2758190631866455
 1.2595198154449463
 1.2650611400604248
 1.2984769344329834
 1.259505271911621
 1.2671499252319336
 1.2621400356292725
 1.3012828826904297
 1.2776880264282227
 1.267805814743042
 1.2622299194335938
 1.3040709495544434
 1.2838671207427979
 1.2831268310546875
 1.2669870853424072
 1.2743070125579834
 1.272148847579956
 1.2672111988067627
 1.2737889289855957
 1.2613639831542969
 1.290299892425537
 1.2710142135620117
 1.282472848892212
 1.2830610275268555
 1.293208122253418
 1.2804780006408691
 1.276892900466919
 1.26472806930542
 1.271979808807373
 1.27972412109375
 1.2866871356964111
 1.2589759826660156
 1.2704381942749023
 1.2913780212402344
 1.2722468376159668
 1.2748386859893799
 1.2595891952514648
 1.296077013015747
 1.2772231101989746
 1.2567882537841797
 1.2675299644470215
 1.282015323638916
 1.2817280292510986
 1.2832458019256592
 1.2716400623321533
 1.2701587677001953
 1.2744228839874268
 1.2618780136108398
 1.2756538391113281
 1.2626123428344727
 1.298198938369751
 1.276291847229004
 1.2756469249725342
 1.2677912712097168
 1.280811071395874
 1.2694547176361084
 1.2447290420532227
 1.2620790004730225
 1.2921009063720703
 1.279486894607544
 1.2636730670928955
 1.2715611457824707
 1.2501671314239502
 1.2891390323638916
 1.262477159500122
 1.2668232917785645
 1.261725902557373
 1.2820160388946533
 1.271406888961792
 1.2743611335754395
 1.2585818767547607
 1.280005931854248
 1.2781000137329102
 1.2565009593963623
 1.2548942565917969
 1.2671289443969727
 1.2869081497192383
 1.2835969924926758
 1.2596349716186523
 1.2526671886444092
 1.2750861644744873
 1.2690057754516602
 1.2863380908966064
 1.273056983947754
 1.2583417892456055
 1.2831180095672607
 1.2602050304412842
 1.2465059757232666
 1.267603874206543
 1.3002691268920898
 1.2759149074554443
 1.2557921409606934
 1.2649109363555908
 1.277604103088379
 1.2781760692596436
 1.2621939182281494
 1.2613019943237305
 1.257744312286377
 1.286005973815918
 1.2809629440307617
 1.2598698139190674
 1.2569289207458496
 1.288125991821289
 1.2582762241363525
 1.25518798828125
 1.2460172176361084
 1.3002920150756836
 1.2637708187103271
 1.266096830368042
 1.2621171474456787
 1.269256830215454
 1.2776451110839844
 1.2588388919830322
 1.280362844467163
 1.2608301639556885
 1.2945010662078857
 1.2734708786010742
 1.2647359371185303
 1.2573418617248535
 1.276346206665039
 1.2708449363708496
 1.249220848083496
 1.259296178817749
 1.2546122074127197
 1.2936019897460938
 1.2783522605895996
 1.2736866474151611
 1.2592461109161377
 1.3675119876861572
 1.3346028327941895
 1.2537968158721924
 1.2504472732543945
 1.2525477409362793
 1.262897253036499
 1.2537758350372314
 1.2418749332427979
 1.2573349475860596
 1.2359867095947266
 1.2352900505065918
 1.2606608867645264
 1.2405791282653809
 1.2365570068359375
 1.2474660873413086
 1.2802059650421143
 1.308117151260376
 1.605039119720459
 1.3124127388000488
 1.288198709487915
 1.2768609523773193
 1.253830909729004
 1.2605860233306885
 2.9967281818389893
 6.273502826690674
 7.6348490715026855
 6.534874200820923
 6.273794174194336
 6.284288167953491
 6.252901792526245
 6.3274359703063965
 1.325669765472412
 1.299130916595459
 1.2885088920593262
 1.2781438827514648
 1.255530834197998
 1.287458896636963
 2.680711030960083
 6.811992883682251
 6.4809181690216064
 6.610506057739258
 6.3006370067596436
 6.329433917999268
 6.404607057571411
 6.805150032043457
 6.357741832733154
 6.428105115890503
 6.218358993530273
 6.3068132400512695
 1.7543067932128906
 1.328758955001831
 1.329049825668335
 1.3287091255187988
 1.3220198154449463
 1.2914161682128906
 1.32078218460083
 1.3293898105621338
 1.297011137008667
 1.2763028144836426
 1.298124074935913
 1.3718488216400146
 1.302940845489502
 1.2854251861572266
 1.2748439311981201
 1.282886266708374
 1.280965805053711
 1.2710230350494385
 1.268768072128296
 1.293511152267456
 1.2863070964813232
 1.3072118759155273
 1.3045079708099365
 1.2904791831970215
 1.2591280937194824
 1.2831718921661377
 1.2680320739746094
 1.2802691459655762
 1.2774238586425781
 1.258493185043335
 1.2871110439300537
 1.295051097869873
 1.2625210285186768
 1.2782080173492432
 1.2770676612854004
 1.289536952972412
 1.3350410461425781
 1.313965082168579
 1.2978529930114746
 1.327836036682129
 1.3449301719665527
 1.3214819431304932
 1.313387155532837
 1.284264087677002
 1.2650108337402344
 1.2629551887512207
 1.296907901763916
 1.3006300926208496
 1.2658531665802002
 1.2666361331939697
 1.2782940864562988
 1.2719130516052246
 1.2707891464233398
 1.269662857055664
 1.295255184173584
 1.2543768882751465
 1.2610020637512207
 1.250640869140625
 1.2842350006103516
 1.2644250392913818
 1.2695691585540771
 1.253293752670288
 1.2573633193969727
 1.2568800449371338
 1.2586281299591064
 1.271101951599121
 1.3215727806091309
 1.3442018032073975
 1.2724609375
 1.272265911102295
 1.287445068359375
 1.255627155303955
 1.2692937850952148
 1.2631721496582031
 1.2663660049438477
 1.2659940719604492
 1.3017323017120361
 1.2757980823516846
 1.257430076599121
 1.258244276046753
 1.247161865234375
 1.270745038986206
 1.2622621059417725
 1.2716748714447021
 1.2670300006866455
 1.2636029720306396
 1.2574970722198486
 1.267449140548706
 1.2626099586486816
 1.2557189464569092
 1.2428250312805176
 1.2848329544067383
 1.2443029880523682
 1.2467851638793945
 1.2645487785339355
 1.2708451747894287
 1.2758831977844238
 1.2521600723266602
 1.2592198848724365
 1.2827649116516113
 1.2968382835388184
 1.2863669395446777
 1.2758479118347168
 1.2569499015808105
 1.2594218254089355
 1.2731282711029053
 1.24753999710083
 1.2713279724121094
 1.2638931274414062
 1.2540171146392822
 1.2566289901733398
 1.2642438411712646
 1.2854740619659424
 1.28153395652771
 1.2912158966064453
 1.25766921043396
 1.2581908702850342
 1.2668888568878174
 1.3085277080535889
 1.2472150325775146
 1.2621121406555176
 1.2617199420928955
 1.2765660285949707
 1.2805261611938477
 1.2704148292541504
 1.2700221538543701
 1.2754669189453125
 1.2740418910980225
 1.239914894104004
 1.2682240009307861
 1.2638130187988281
 1.2673618793487549
 1.270298957824707
 1.347593069076538
 1.3388299942016602
 1.2723779678344727
 1.2652051448822021
 1.274622917175293
 1.2649457454681396
 1.2822158336639404
 1.2532777786254883
 1.2764739990234375
 1.2728698253631592
 1.2809698581695557
 1.2404742240905762
 1.2721407413482666
 1.2556071281433105
 1.268009901046753
 1.287240982055664
 1.2681210041046143
 1.2682979106903076
 1.262225866317749
 1.2580480575561523
 1.2629039287567139
 1.2803599834442139
 1.268376111984253
 1.2593731880187988
 1.254727840423584
 1.272212028503418
 1.2639570236206055
 1.251127004623413
 1.254530906677246
 1.271421194076538
 1.2745940685272217
 1.2717969417572021
 1.2744979858398438
 1.2667667865753174
 1.2636089324951172
 1.2656168937683105
 1.270209789276123
 1.2474582195281982
 1.262342929840088
 1.2897930145263672
 1.265444040298462
 1.2605488300323486
 1.2737820148468018
 1.2616450786590576
 1.2703869342803955
 1.2576310634613037
 1.2766270637512207
 1.265650987625122
 1.273277759552002
 1.273611068725586
 1.2425200939178467
 1.278425931930542
 1.2741942405700684
 1.3567790985107422
 1.3546972274780273
 1.4870326519012451
 1.3037519454956055
 1.368328332901001
 1.3252160549163818
 1.4251601696014404
 1.3498809337615967
 1.3303158283233643
 1.3647501468658447
 1.31435227394104
 1.2955620288848877
 1.2834370136260986
 1.2865350246429443
 1.2979788780212402
 1.3014440536499023
 1.300278902053833
 1.267488956451416
 1.365530252456665
 1.351996898651123
 1.3289470672607422
 1.3614192008972168
 1.355280876159668
 1.3542978763580322
 1.351135015487671
 1.325279951095581
 1.3360679149627686
 1.31557297706604
 1.325901985168457
 1.2905919551849365
 1.2883000373840332
 1.347461223602295
 1.3994677066802979
 1.3259050846099854
 1.3142938613891602
 1.3268349170684814
 1.3239119052886963
 1.345423698425293
 1.368697166442871
 1.372511863708496
 1.3562521934509277
 1.3655459880828857
 1.338512897491455
 1.34781813621521
 1.3251941204071045
 1.3232839107513428
 1.326585054397583
 1.3179049491882324
 1.325498104095459
 1.3194458484649658
 1.2939229011535645
 1.272425889968872
 1.2568328380584717
 1.2570300102233887
 1.273216962814331
 1.2401368618011475
 1.240936040878296
 1.2373838424682617
 1.2986931800842285
 1.2980568408966064
 1.289424180984497
 1.2951350212097168
 1.2798640727996826
 1.278590202331543
 1.2771308422088623
 1.306015968322754
 1.2797150611877441
 1.2759809494018555
 1.291288137435913
 1.2829318046569824
 1.285628080368042
 1.2794678211212158
 1.2518141269683838
 1.2542529106140137
 1.2579748630523682
 1.2929558753967285
 1.3072302341461182
 1.3035061359405518
 1.3155746459960938
 1.3078389167785645
 1.311398983001709
 1.2906911373138428
 1.280311107635498
 1.2967548370361328
 1.3090698719024658
 1.3079543113708496
 1.3113479614257812
 1.3162791728973389
 1.3126139640808105
 1.2873642444610596
 1.2873969078063965
 1.2712388038635254
 1.2794122695922852
 1.2801809310913086
 1.2431910037994385
 1.2638399600982666
 1.2824499607086182
 1.2434370517730713
 1.2444591522216797
 1.2473490238189697
 1.2995128631591797
 1.3231348991394043
 1.324495792388916
 1.3047459125518799
 1.3518619537353516
 1.43318772315979
 1.3154618740081787
 1.2991869449615479
 1.2986302375793457
 1.3544540405273438
 1.3312137126922607
 1.3312489986419678
 1.3655219078063965
 1.3793158531188965
 1.3982946872711182
 1.323786973953247
 1.286003828048706
 1.3058910369873047
 1.3148431777954102
 1.3003499507904053
 1.3096270561218262
 1.322119951248169
 1.2819459438323975
 1.3063719272613525
 1.3300390243530273
 1.2936649322509766
 1.2896060943603516
 1.2711992263793945
 1.2924249172210693
 1.3400828838348389
 1.32914400100708
 1.3280699253082275
 1.3373770713806152
 1.3387551307678223
 1.4167301654815674
 1.427489995956421
 1.3831260204315186
 1.3647217750549316
 1.4003698825836182
 1.3688600063323975
 1.3396029472351074
 1.3486902713775635
 1.3420917987823486
 1.4005932807922363
 1.3659310340881348
 1.3390259742736816
 1.3690159320831299
 1.3517460823059082
 1.4144220352172852
 1.3725237846374512
 1.3308322429656982
 1.2856640815734863
 1.290583848953247
 1.306678056716919
 1.3035619258880615
 1.2538790702819824
 1.2626168727874756
 1.2772340774536133
 1.3103930950164795
 1.322908878326416
 1.3203787803649902
 1.3188838958740234
 1.3452386856079102
 1.3277029991149902
 1.320030927658081
 1.311471939086914
 1.321842908859253
 1.3177919387817383
 1.3965368270874023
 1.2972369194030762
 1.2622742652893066
 1.2707209587097168
 1.3717777729034424
 1.392780065536499
 1.3015222549438477
 1.2594518661499023
 1.2555420398712158
 1.2591209411621094
 1.2610969543457031
 1.2523043155670166
 1.246786117553711
 1.2467868328094482
 1.2692489624023438
 1.2540159225463867
 1.2535481452941895
 1.2653601169586182
 1.282217025756836
 1.2709438800811768
 1.2633860111236572
 1.2810232639312744
 1.2549710273742676
 1.249093770980835
 1.2654750347137451
 1.256270170211792
 1.2540538311004639
 1.2582132816314697
 1.2524869441986084
 1.2583789825439453
 1.2845501899719238
 1.2636659145355225
 1.273287057876587
 1.267798900604248
 1.2760467529296875
 1.2538208961486816
 1.2922871112823486
 1.2430987358093262
 1.260202169418335
 1.2471230030059814
 1.2616748809814453
 1.262726068496704
 1.266300916671753
 1.2679898738861084
 1.245762825012207
 1.2502250671386719
 1.2558257579803467
 1.3854999542236328
 1.2916672229766846
 1.3034780025482178
 1.3032960891723633
 1.2836289405822754
 1.3049683570861816
 1.332165002822876
 1.424117088317871
 1.3091299533843994
 1.287376880645752
 1.2890868186950684
 1.332456111907959
 1.34604811668396
 1.266969919204712
 1.255073070526123
 1.250864028930664
 1.245793104171753
 1.2760999202728271
 1.2467880249023438
 1.2517788410186768
 1.2420480251312256
 1.247805118560791
 1.241089105606079
 1.2334628105163574
 1.2672152519226074
 1.2630860805511475
 1.2500090599060059
 1.2512609958648682
 1.2528340816497803
 1.2491939067840576
 1.2739698886871338
 1.269007682800293
 1.274919033050537
 1.2770640850067139
 1.2596979141235352
 1.2864489555358887
 1.3411200046539307
 1.2885680198669434
 1.2905950546264648
 1.2985568046569824
 1.2976348400115967
 1.3527159690856934
 1.3743488788604736
 1.3570561408996582
 1.4312162399291992
 1.3802850246429443
 1.4109611511230469
 1.3610491752624512
 1.3238458633422852
 1.3934721946716309
 1.3484296798706055
 1.2801101207733154
 1.312809944152832
 1.3403749465942383
 1.3275470733642578
 1.3455758094787598
 1.3223249912261963
 1.3443248271942139
 1.2981572151184082
 1.3015408515930176
 1.2994811534881592
 1.3185560703277588
 1.3176908493041992
 1.3383619785308838
 1.3465831279754639
 1.3171730041503906
 1.3515658378601074
 1.3121452331542969
 1.3030309677124023
 1.327171802520752
 1.2690470218658447
 1.2914679050445557
 1.3214337825775146
 1.3642499446868896
 1.3276927471160889
 1.3518970012664795
 1.3537771701812744
 1.347161054611206
 1.362966775894165
 1.336808204650879
 1.336104154586792
 1.3455181121826172
 1.3522100448608398
 1.3721530437469482
 1.3484828472137451
 1.3331379890441895
 1.3628978729248047
 1.3242952823638916
 1.3323321342468262
 1.3234987258911133
 1.3537862300872803
 1.3743841648101807
 1.4451420307159424
 1.3581340312957764
 1.34971284866333
 1.2851200103759766
 1.289896011352539
 1.2835659980773926
 1.2935750484466553
 1.2841341495513916
 1.2859950065612793
 1.269608974456787
 1.2538349628448486
 1.2697279453277588
 1.2557740211486816
 1.2578182220458984
 1.253222942352295
 1.2834031581878662
 1.2934038639068604
 1.2892358303070068
 1.2884318828582764
 1.2973103523254395
 1.278433084487915
 1.2855331897735596
 1.2949750423431396
 1.2953951358795166
 1.2915198802947998
 1.3651809692382812
 1.307586669921875
 1.3873310089111328
 1.289659023284912
 1.259166955947876
 1.2399790287017822
 1.2319092750549316
 1.2558419704437256
 1.2361791133880615
 1.25620698928833
 1.243974208831787
 1.2548048496246338
 1.2516560554504395
 1.2452831268310547
 1.2377848625183105
 1.2425241470336914
 1.2626519203186035
 1.2426869869232178
 1.2650911808013916
 1.263629674911499
 1.233978033065796
 1.2403929233551025
 1.3057761192321777
 1.3173470497131348
 1.3130927085876465
 1.3497800827026367
 1.3574621677398682
 1.354097843170166
 1.3857929706573486
 1.2958168983459473
 1.3191659450531006
 1.304306983947754
 1.3313770294189453
 1.3439679145812988
 1.3311591148376465
 1.2571971416473389
 1.2614331245422363
 1.2566239833831787
 1.3072419166564941
 1.3152720928192139
 1.3121449947357178
 1.2908430099487305
 1.2965221405029297
 1.3242549896240234
 1.3237450122833252
 1.3453121185302734
 1.305738925933838
 1.3269731998443604
 1.341383934020996
 1.3385398387908936
 1.3133490085601807
 1.270738124847412
 1.2481260299682617
 1.2344350814819336
 1.2513210773468018
 1.2492339611053467
 1.2529711723327637
 1.2641627788543701
 1.237666130065918
 1.2643499374389648
 1.4156410694122314
 1.3911969661712646
 1.282222032546997
 1.2439920902252197
 1.261343002319336
 1.2485759258270264
 1.2505617141723633
 1.2458391189575195
 1.267143964767456
 1.2636151313781738
 1.2604711055755615
 1.2414751052856445
 1.2343900203704834
 1.2517311573028564
 1.2527518272399902
 1.2399680614471436
 1.2588629722595215
 1.258253812789917
 1.2636430263519287
 1.2563138008117676
 1.2553861141204834
 1.24881911277771
 1.2406997680664062
 1.2544498443603516
 1.2419312000274658
 1.246448040008545
 1.248945951461792
 1.2507309913635254
 1.2493889331817627
 1.2562639713287354
 1.2616629600524902
 1.2691011428833008
 1.2523550987243652
 1.2518081665039062
 1.26308012008667
 1.2658119201660156
 1.2816340923309326
 1.2688262462615967
 1.2656078338623047
 1.2355010509490967
 1.2646098136901855
 1.2352790832519531
 1.2334368228912354
 1.2329869270324707
 1.237304925918579
 1.241102933883667
 1.2415499687194824
 1.2650208473205566
 1.254040241241455
 1.2460300922393799
 1.2699739933013916
 1.2669422626495361
 1.252479076385498
 1.2280948162078857
 1.2435498237609863
 1.2420079708099365
 1.2645847797393799
 1.2625031471252441
 1.261261224746704
 1.262430191040039
 1.2362558841705322
 1.2763147354125977
 1.2511107921600342
 1.2498962879180908
 1.2535929679870605
 1.2450401782989502
 1.2489721775054932
 1.2508671283721924
 1.258734941482544
 1.2239422798156738
 1.2541508674621582
 1.2398979663848877
 1.2378180027008057
 1.2474479675292969
 1.2621357440948486
 1.2472670078277588
 1.2319550514221191
 1.253298282623291
 1.2619352340698242
 1.230747938156128
 1.2486169338226318
 1.2632980346679688
 1.232032060623169
 1.2518091201782227
 1.226684808731079
 1.2474040985107422
 1.2515649795532227
 1.2318637371063232
 1.238598108291626
 1.2430436611175537
 1.2529971599578857
 1.2576510906219482
 1.2502028942108154
 1.2405240535736084
 1.2438597679138184
 1.2552120685577393
 1.2326478958129883
 1.236497163772583
 1.2454349994659424
 1.2349128723144531
 1.239738941192627
 1.260256052017212
 1.231499195098877
 1.245460033416748
 1.2684049606323242
 1.2343151569366455
 1.2303459644317627
 1.2346549034118652
 1.266103982925415
 1.2536559104919434
 1.2374839782714844
 1.2478001117706299
 1.2373762130737305
 1.2446069717407227
 1.241589069366455
 1.2397029399871826
 1.248763084411621
 1.248945951461792
 1.229358196258545
 1.2344977855682373
 1.2356131076812744
 1.2533729076385498
 1.242583990097046
 1.2640330791473389
 1.254425287246704
 1.257361888885498
 1.259192943572998
 1.2692070007324219
 1.2614691257476807
 1.2415728569030762
 1.2239420413970947
 1.2319884300231934
 1.25142502784729
 1.2605209350585938
 1.2896080017089844
 1.3016109466552734
 1.2944591045379639
 1.282134771347046
 1.3381190299987793
 1.3588621616363525
 1.314399003982544
 1.3158187866210938
 1.3747692108154297
 1.294184923171997
 1.2580249309539795
 1.2515177726745605
 1.2792930603027344
 1.2480401992797852
 1.2640068531036377
 1.2558929920196533
 1.264091968536377
 1.2993199825286865
 1.2752587795257568
 1.2592699527740479
 1.2589139938354492
 1.2769858837127686
 1.2452590465545654
 1.2523329257965088
 1.2566041946411133
 1.2552168369293213
 1.2540700435638428
 1.2772819995880127
 1.2662038803100586
 1.264909029006958
 1.2619891166687012
 1.2651538848876953
 1.289762020111084
 1.2983660697937012
 1.3209421634674072
 1.2990009784698486
 1.2910237312316895
 1.3462638854980469
 1.368269681930542
 1.3074450492858887
 1.2728450298309326
 1.2900538444519043
 1.2718250751495361
 1.2697029113769531
 1.262854814529419
 1.2848119735717773
 1.2800042629241943
 1.2613699436187744
 1.2765870094299316
 1.261064052581787
 1.2603740692138672
 1.270462989807129
 1.2696139812469482
 1.2696888446807861
 1.2703571319580078
 1.2668159008026123
 1.2601840496063232
 1.2528619766235352
 1.2492899894714355
 1.2720839977264404
 1.2463641166687012
 1.2554349899291992
 1.2605769634246826
 1.275029182434082
 1.2564597129821777
 1.28389573097229
 1.2714180946350098
 1.2656927108764648
 1.2476189136505127
 1.2717909812927246
 1.245023250579834
 1.2807888984680176
 1.268476963043213
 1.2537548542022705
 1.2522778511047363
 1.2547531127929688
 1.2611079216003418
 1.2746732234954834
 1.268434762954712
 1.2564098834991455
 1.2636020183563232
 1.2573521137237549
 1.2394499778747559
 1.2580571174621582
 1.2833280563354492
 1.250349998474121
 1.2657458782196045
 1.2491230964660645
 1.2674319744110107
 1.2679669857025146
 1.2433710098266602
 1.2524406909942627
 1.267080307006836
 1.302861213684082
 1.276482105255127
 1.2398929595947266
 1.2423028945922852
 1.2630138397216797
 1.2637128829956055
 1.2654321193695068
 1.2573809623718262
 1.2466301918029785
 1.2454018592834473
 1.2766351699829102
 1.2652819156646729
 1.282581090927124
 1.279587984085083
 1.2474658489227295
 1.2704508304595947
 1.2627909183502197
 1.2648921012878418
 1.2576799392700195
 1.2837913036346436
 1.2458109855651855
 1.2645020484924316
 1.245535135269165
 1.2675788402557373
 1.2638781070709229
 1.2722046375274658
 1.2619032859802246
 1.2501258850097656
 1.266589879989624
 1.2556970119476318
 1.252594232559204
 1.2431278228759766
 1.2548232078552246
 1.270474910736084
 1.2454848289489746
 1.260188341140747
 1.2566938400268555
 1.2532076835632324
 1.2581610679626465
 1.2416529655456543
 1.2462868690490723
 1.2619380950927734
 1.2455670833587646
 1.2728147506713867
 1.2558891773223877
 1.2481050491333008
 1.2442748546600342
 1.2758169174194336
 1.2994449138641357
 1.245453119277954
 1.2722821235656738
 1.2635979652404785
 1.2807972431182861
 1.242114782333374
 1.2651581764221191
 1.2782258987426758
 1.2513339519500732
 1.260256052017212
 1.258406162261963
 1.2738559246063232
 1.260239839553833
 1.2692642211914062
 1.254425048828125
 1.2750811576843262
 1.26656174659729
 1.2488701343536377
 1.2460460662841797
 1.2826650142669678
 1.2578551769256592
 1.2711100578308105
 1.2680211067199707
 1.2477469444274902
 1.2723689079284668
 1.2834630012512207
 1.2559187412261963
 1.257904052734375
 1.2472708225250244
 1.2505359649658203
 1.2447853088378906
 1.2536320686340332
 1.2819080352783203
 1.2602319717407227
 1.2547810077667236
 1.254404067993164
 1.2458198070526123
 1.2537579536437988
 1.2641022205352783
 1.2715458869934082
 1.264153003692627
 1.2495791912078857
 1.239306926727295
 1.2669830322265625
 1.2573421001434326
 1.2560629844665527
 1.2463440895080566
 1.289839744567871
 1.283715009689331
 1.2613978385925293
 1.257200002670288
 1.255389928817749
 1.2462100982666016
 1.2429139614105225
 1.2451720237731934
 1.2467660903930664
 1.2477738857269287
 1.261340856552124
 1.2592411041259766
 1.242624044418335
 1.2430591583251953
 1.2755701541900635
 1.2642097473144531
 1.2745230197906494
 1.2471277713775635
 1.252026081085205
 1.266266107559204
 1.27748703956604
 1.2615437507629395
 1.2752368450164795
 1.2570161819458008
 1.251889944076538
 1.2455329895019531
 1.2613520622253418
 1.267667293548584
 1.2714860439300537
 1.2680418491363525
 1.2574598789215088
 1.2502520084381104
 1.2544078826904297
 1.2557289600372314
 1.2671852111816406
 1.2562448978424072
 1.2903149127960205
 1.249117136001587
 1.2647547721862793
 1.2772819995880127
 1.2587909698486328
 1.2605769634246826
 1.256978988647461
 1.292233943939209
 1.2599437236785889
 1.2641808986663818
 1.2506978511810303
 1.2684342861175537
 1.2960131168365479
 1.2734410762786865
 1.286794900894165
 1.301853895187378
 1.3584661483764648
 1.347930669784546
 1.311357021331787
 1.3189959526062012
 1.3239381313323975
 1.290470838546753
 1.2453770637512207
 1.2660799026489258
 1.2529659271240234
 1.2652289867401123
 1.2686469554901123
 1.280508279800415
 1.2764286994934082
 1.2841269969940186
 1.3176822662353516
 1.2796459197998047
 1.2676260471343994
 1.2590200901031494
 1.30159592628479
 1.3158059120178223
 1.2626261711120605
 1.2876207828521729
 1.2499871253967285
 1.2460517883300781
 1.268232822418213
 1.2993578910827637
 1.2501811981201172
 1.2537150382995605
 1.2566990852355957
 1.252366065979004
 1.251326084136963
 1.254715919494629
 1.2493669986724854
 1.262296199798584
 1.2629876136779785
 1.244035005569458
 1.2588179111480713
 1.263763189315796
 1.258424997329712
 1.2631499767303467
 1.2959201335906982
 1.2622618675231934
 1.237713098526001
 1.3019461631774902
 1.266611099243164
 1.2397868633270264
 1.2549901008605957
 1.2434649467468262
 1.2567317485809326
 1.2533860206604004
 1.2417402267456055
 1.2597908973693848
 1.246913194656372
 1.2489769458770752
 1.2634963989257812
 1.2667691707611084
 1.2505958080291748
 1.242753028869629
 1.2478389739990234
 1.2417700290679932
 1.2394609451293945
 1.2592918872833252
 1.2754952907562256
 1.266124963760376
 1.2603132724761963
 1.2386069297790527
 1.2748761177062988
 1.2610690593719482
 1.2606346607208252
 1.2835500240325928
 1.2698779106140137
 1.2502920627593994
 1.2637701034545898
 1.2696828842163086
 1.274303913116455
 1.260542869567871
 1.2527899742126465
 1.2561240196228027
 1.2524778842926025
 1.2378079891204834
 1.2541933059692383
 1.2913691997528076
 1.2530481815338135
 1.2552740573883057
 1.2712628841400146
 1.2402307987213135
 1.2570807933807373
 1.2393760681152344
 1.250438928604126
 1.2618930339813232
 1.2750840187072754
 1.2699079513549805
 1.2472128868103027
 1.2559318542480469
 1.2386980056762695
 1.2342429161071777
 1.2458710670471191
 1.2555558681488037
 1.2480731010437012
 1.276947021484375
 1.2433269023895264
 1.2738769054412842
 1.2503290176391602
 1.2831509113311768
 1.2594108581542969
 1.2540247440338135
 1.2689790725708008
 1.2516860961914062
 1.2403287887573242
 1.2652537822723389
 1.2640018463134766
 1.2814269065856934
 1.2535889148712158
 1.254786729812622
 1.2695727348327637
 1.2537219524383545
 1.2680039405822754
 1.2428350448608398
 1.2464041709899902
 1.2450659275054932
 1.2751429080963135
 1.2657911777496338
 1.2587220668792725
 1.2759883403778076
 1.258429765701294
 1.2466838359832764
 1.2413640022277832
 1.256786823272705
 1.2873730659484863
 1.2658648490905762
 1.2430758476257324
 1.2430081367492676
 1.2463061809539795
 1.2463791370391846
 1.2775611877441406
 1.269496202468872
 1.278954029083252
 1.2729592323303223
 1.2612111568450928
 1.2409839630126953
 1.2334887981414795
 1.2626690864562988
 1.2518668174743652
 1.2512519359588623
 1.2620899677276611
 1.2428412437438965
 1.2624313831329346
 1.2534892559051514
 1.249222993850708
 1.2366161346435547
 1.2553589344024658
 1.25239896774292
 1.2470452785491943
 1.248629093170166
 1.251741886138916
 1.2407159805297852
 1.2420132160186768
 1.2547478675842285
 1.2872428894042969
 1.251429796218872
 1.2573230266571045
 1.2510168552398682
 1.2435991764068604
 1.268043041229248
 1.247675895690918
 1.262516975402832
 1.2679829597473145
 1.2591159343719482
 1.2476089000701904
 1.26493501663208
 1.2601640224456787
 1.2637310028076172
 1.2660880088806152
 1.2808609008789062
 1.2548530101776123
 1.2716262340545654
 1.2835569381713867
 1.2545180320739746
 1.2548789978027344
 1.2719380855560303
 1.2585391998291016
 1.257000207901001
 1.2552509307861328
 1.2949528694152832
 1.2646429538726807
 1.2783129215240479
 1.2653470039367676
 1.247568130493164
 1.241642951965332
 1.2445037364959717
 1.241746187210083
 1.247380018234253
 1.2533061504364014
 1.2393510341644287
 1.2592289447784424
 1.2403819561004639
 1.2412290573120117
 1.2524771690368652
 1.2810068130493164
 1.2429559230804443
 1.2421391010284424
 1.2446410655975342
 1.255356788635254
 1.2522530555725098
 1.2617318630218506
 1.2860651016235352
 1.2634878158569336
 1.255429983139038
 1.2653729915618896
 1.2505710124969482
 1.249567985534668
 1.2681987285614014
 1.246938705444336
 1.251343011856079
 1.2560582160949707
 1.2498319149017334
 1.2645659446716309
 1.2518320083618164
 1.2508742809295654
 1.2680530548095703
 1.252112865447998
 1.2837910652160645
 1.2688429355621338
 1.2677628993988037
 1.2426731586456299
 1.2572717666625977
 1.2589170932769775
 1.2426848411560059
 1.25246000289917
 1.2851779460906982
 1.2659850120544434
 1.2882111072540283
 1.2659940719604492
 1.2603380680084229
 1.2631211280822754
 1.283254623413086
 1.23750901222229
 1.2640559673309326
 1.2414119243621826
 1.2460691928863525
 1.240056037902832
 1.2534987926483154
 1.2585711479187012
 1.2429471015930176
 1.2449817657470703
 1.2623872756958008
 1.2748489379882812
 1.2378640174865723
 1.2502620220184326
 1.2578802108764648
 1.2565689086914062
 1.253014087677002
 1.2681138515472412
 1.2740788459777832
 1.2605619430541992
 1.2719860076904297
 1.266205072402954
 1.2677183151245117
 1.249884843826294
 1.259315013885498
 1.2673709392547607
 1.2434241771697998
 1.2634530067443848
 1.2978320121765137
 1.265152931213379
 1.2686290740966797
 1.2509679794311523
 1.2509119510650635
 1.2571072578430176
 1.2499561309814453
 1.2565639019012451
 1.2668330669403076
 1.2653071880340576
 1.2381439208984375
 1.2509753704071045
 1.2603635787963867
 1.255256175994873
 1.2682209014892578
 1.2611629962921143
 1.2561531066894531
 1.2633857727050781
 1.2661020755767822
 1.2604758739471436
 1.2470850944519043
 1.257246971130371
 1.2560629844665527
 1.241258144378662
 1.2578198909759521
 1.2390971183776855
 1.258528709411621
 1.2649478912353516
 1.2756719589233398
 1.250251054763794
 1.2423427104949951
 1.2685251235961914
 1.2610371112823486
 1.2466769218444824
 1.2535998821258545
 1.2579078674316406
 1.252039909362793
 1.2599890232086182
 1.2758522033691406
 1.2483582496643066
 1.237807035446167
 1.25431489944458
 1.2530548572540283
 1.2510151863098145
 1.2764880657196045
 1.2513179779052734
 1.299462080001831
 1.2887251377105713
 1.2640368938446045
 1.261225938796997
 1.2482690811157227
 1.2869598865509033
 1.313256025314331
 1.2741670608520508
 1.3365697860717773
 1.2982652187347412
 1.2643849849700928
 1.3395862579345703
 1.3154890537261963
 1.2610142230987549
 1.2708029747009277
 1.266861915588379
 1.231078863143921
 1.3051567077636719
 1.3096320629119873
 1.3117272853851318
 1.3252439498901367
 1.3577401638031006
 1.2725749015808105
 1.2628679275512695
 1.2570359706878662
 1.2429049015045166
 1.2387669086456299
 1.2385361194610596
 1.227219820022583
 1.2583420276641846
 1.2547838687896729
 1.2705631256103516
 1.2463529109954834
 1.254577875137329
 1.2284517288208008
 1.2565913200378418
 1.254831075668335
 1.2563059329986572
 1.2607390880584717
 1.2808358669281006
 1.2472639083862305
 1.256620168685913
 1.2715671062469482
 1.3195180892944336
 1.3998899459838867
 1.3286540508270264
 1.3025572299957275
 1.3244349956512451
 1.3086268901824951
 1.3629019260406494
 1.332991361618042
 1.3668742179870605
 1.3129549026489258
 1.3310668468475342
 1.325376033782959
 1.3316371440887451
 1.3381459712982178
 1.2789299488067627
 1.3130519390106201
 1.3239731788635254
 1.3288791179656982
 1.3440418243408203
 1.3444480895996094
 1.340285062789917
 1.312736988067627
 1.3064053058624268
 1.3141818046569824
 1.36677885055542
 1.321432113647461
 1.325798749923706
 1.3247849941253662
 1.4262158870697021
 1.3819828033447266
 1.3433082103729248
 1.3204658031463623
 1.3114759922027588
 1.310910940170288
 1.3157918453216553
 1.3120379447937012
 1.3160419464111328
 1.2556090354919434
 1.2650251388549805
 1.245755910873413
 1.2671761512756348
 1.2753369808197021
 1.266355037689209
 1.263711929321289
 1.243619680404663
 1.2608649730682373
 1.2479579448699951
 1.2560949325561523
 1.2650749683380127
 1.2554328441619873
 1.2365777492523193
 1.238036870956421
 1.2813029289245605
 1.2664611339569092
 1.2919256687164307
 1.2582590579986572
 1.2573089599609375
 1.249959945678711
 1.2520968914031982
 1.3113222122192383
 1.2692639827728271
 1.3063690662384033
 1.275343894958496
 1.2650530338287354
 1.2549550533294678
 1.2717640399932861
 1.2491240501403809
 1.2760567665100098
 1.2397181987762451
 1.328603982925415
 1.3069300651550293
 1.2916650772094727
 1.2741248607635498
 1.258702039718628
 1.2505271434783936
 1.2438809871673584
 1.2429208755493164
 1.2498281002044678
 1.3074009418487549
 1.2994599342346191
 1.2572460174560547
 1.2714109420776367
 1.2615790367126465
 1.2373619079589844
 1.2535159587860107
 1.255885124206543
 1.2501602172851562
 1.2451698780059814
 1.247290849685669
 1.326017141342163
 1.309114933013916
 1.3191401958465576
 1.2705678939819336
 1.2683930397033691
 1.2416050434112549
 1.2534348964691162
 1.2460241317749023
 1.2519850730895996
 1.2978589534759521
 1.3468689918518066
 1.373180866241455
 1.341313123703003
 1.3497419357299805
 1.3631422519683838
 1.3751640319824219
 1.3464646339416504
 1.326362133026123
 1.3406970500946045
 1.3301591873168945
 1.3190159797668457
 1.368109941482544
 1.3142173290252686
 1.3308053016662598
 1.3322203159332275
 1.3104779720306396
 1.3110682964324951
 1.2873749732971191
 1.289597988128662
 1.2900900840759277
 1.2833516597747803
 1.2753851413726807
 1.2796831130981445
 1.266185998916626
 1.2570219039916992
 1.263859748840332
 1.2664668560028076
 1.2542312145233154
 1.2691597938537598
 1.2526140213012695
 1.2846920490264893
 1.2511098384857178
 1.2672030925750732
 1.2587997913360596
 1.2622888088226318
 1.3005523681640625
 1.2818830013275146
 1.2821838855743408
 1.2579920291900635
 1.2417511940002441
 1.2625269889831543
 1.2814688682556152
 1.2570931911468506
 1.2597780227661133
 1.2525169849395752
 1.251358985900879
 1.2733700275421143
 1.2703721523284912
 1.2750089168548584
 1.256559133529663
 1.2616519927978516
 1.2546329498291016
 1.2458641529083252
 1.2548601627349854
 1.2427148818969727
 1.2557740211486816
 1.280290126800537
 1.2684640884399414
 1.252135992050171
 1.2515599727630615
 1.280627965927124
 1.260573387145996
 1.2840216159820557
 1.2580211162567139
 1.2558469772338867
 1.262667179107666
 1.2710728645324707
 1.2696430683135986
 1.2785420417785645
 1.2543199062347412
 1.2677412033081055
 1.2631819248199463
 1.2829382419586182
 1.2593879699707031
 1.263350009918213
 1.2499489784240723
 1.2555592060089111
 1.2590930461883545
 1.27583909034729
 1.268805980682373
 1.2556710243225098
 1.27000093460083
 1.2613379955291748
 1.2595241069793701
 1.2923052310943604
 1.2506508827209473
 1.2625081539154053
 1.2556779384613037
 1.2557151317596436
 1.2569668292999268
 1.2651562690734863
 1.255903959274292
 1.2755091190338135
 1.2739808559417725
 1.2631330490112305
 1.2673652172088623
 1.2458367347717285
 1.2494938373565674
 1.2821669578552246
 1.2530131340026855
 1.2704498767852783
 1.260514736175537
 1.2771189212799072
 1.2502069473266602
 1.2590336799621582
 1.2562978267669678
 1.2482750415802002
 1.2721941471099854
 1.2559921741485596
 1.2742128372192383
 1.2452709674835205
 1.2522530555725098
 1.2587780952453613
 1.2518551349639893
 1.2746407985687256
 1.2580149173736572
 1.249556064605713
 1.246722936630249
 1.2555830478668213
 1.2545058727264404
 1.2724978923797607
 1.2485239505767822
 1.263786792755127
 1.2853507995605469
 1.275102138519287
 1.2974560260772705
 1.2790441513061523
 1.2817819118499756
 1.2871739864349365
 1.2835261821746826
 1.2877898216247559
 1.2863540649414062
 1.2568490505218506
 1.2569499015808105
 1.2565488815307617
 1.280454158782959
 1.2484698295593262
 1.2560009956359863
 1.248793125152588
 1.246309757232666
 1.2708170413970947
 1.2754218578338623
 1.2515318393707275
 1.2538151741027832
 1.2688040733337402
 1.2555899620056152
 1.2588880062103271
 1.243016242980957
 1.2890207767486572
 1.2571442127227783
 1.247581958770752
 1.2634329795837402
 1.2559077739715576
 1.2563016414642334
 1.2524940967559814
 1.26926589012146
 1.2361130714416504
 1.2718727588653564
 1.2597949504852295
 1.2769088745117188
 1.2464261054992676
 1.2796058654785156
 1.2524778842926025
 1.2621400356292725
 1.2431178092956543
 1.2485430240631104
 1.2677230834960938
 1.2551140785217285
 1.2428221702575684
 1.2701478004455566
 1.2569589614868164
 1.259093999862671
 1.2598471641540527
 1.2567908763885498
 1.2743799686431885
 1.255316972732544
 1.2609288692474365
 1.262115240097046
 1.258962869644165
 1.2730951309204102
 1.2587950229644775
 1.2601501941680908
 1.2507619857788086
 1.2687201499938965
 1.2530229091644287
 1.2516872882843018
 1.2475647926330566
 1.253939151763916
 1.2567541599273682
 1.2602849006652832
 1.2565009593963623
 1.2463748455047607
 1.2695791721343994
 1.254755973815918
 1.2427988052368164
 1.320465087890625
 1.3214240074157715
 1.351090908050537
 1.31880784034729
 1.388484001159668
 1.3211688995361328
 1.2906723022460938
 1.272223949432373
 1.3028249740600586
 1.3367643356323242
 1.381269931793213
 1.310265064239502
 1.2877180576324463
 1.255206823348999
 1.2483429908752441
 1.2282109260559082
 1.3076372146606445
 1.2937541007995605
 1.3065087795257568
 1.2588839530944824
 1.267099142074585
 1.2479727268218994
 1.2536430358886719
 1.2542169094085693
 1.2561531066894531
 1.2527711391448975
 1.2547800540924072
 1.2559788227081299
 1.2902071475982666
 1.2946102619171143
 1.2994842529296875
 1.2851142883300781
 1.27976393699646
 1.2646729946136475
 1.2550761699676514
 1.2748899459838867
 1.272489070892334
 1.2807869911193848
 1.266629934310913
 1.2662253379821777
 1.300529956817627
 1.3197619915008545
 1.2836101055145264
 1.2590060234069824
 1.2725119590759277
 1.2748961448669434
 1.310007095336914
 1.2984998226165771
 1.2961599826812744
 1.280440092086792
 1.2724778652191162
 1.2719190120697021
 1.2802209854125977
 1.2704980373382568
 1.2810359001159668
 1.2920339107513428
 1.3115208148956299
 1.3918910026550293
 1.3364057540893555
 1.29954195022583
 1.282921314239502
 1.2722058296203613
 1.2768299579620361
 1.2838711738586426
 1.3125247955322266
 1.3038699626922607
 1.3099920749664307
 1.307265043258667
 1.2955751419067383
 1.30419921875
 1.300990104675293
 1.3000531196594238
 1.298863172531128
 1.3029839992523193
 1.300473928451538
 1.2900428771972656
 1.2965261936187744
 1.324671983718872
 1.3059897422790527
 1.3042542934417725
 1.3022401332855225
 1.2909140586853027
 1.3109540939331055
 1.3002681732177734
 1.2980749607086182
 1.2928760051727295
 1.2978339195251465
 1.3109121322631836
 1.312960147857666
 1.314784049987793
 1.2919800281524658
 1.292419195175171
 1.2950389385223389
 1.2870221138000488
 1.2912671566009521
 1.3003838062286377
 1.2992558479309082
 1.298597812652588
 1.2865631580352783
 1.293874979019165
 1.3153228759765625
 1.305056095123291
 1.3093550205230713
 1.2943029403686523
 1.276806354522705
 1.291680097579956
 1.3498868942260742
 1.2881879806518555
 1.2520651817321777
 1.2456822395324707
 1.2545106410980225
 1.2425551414489746
 1.2502658367156982
 1.254472255706787
 1.243866205215454
 1.2610609531402588
 1.2760961055755615
 1.2549388408660889
 1.246042251586914
 1.236469030380249
 1.2576298713684082
 1.2654500007629395
 1.256645917892456
 1.3265061378479004
 1.2733080387115479
 1.2534170150756836
 1.25555419921875
 1.2862980365753174
 1.3084709644317627
 1.260016918182373
 1.246786117553711
 1.2526960372924805
 1.2513580322265625
 1.2389819622039795
 1.253777027130127
 1.2534258365631104
 1.2511658668518066
 1.241490125656128
 1.2285819053649902
 1.237778902053833
 1.246122121810913
 1.2548420429229736
 1.2472870349884033
 1.2354230880737305
 1.2441179752349854
 1.2506318092346191
 1.2628929615020752
 1.256587028503418
 1.3806610107421875
 1.3495080471038818
 1.3155920505523682
 1.2951948642730713
 1.3861570358276367
 1.41963791847229
 1.3528478145599365
 1.2919459342956543
 1.2668559551239014
 1.2631051540374756
 1.2918598651885986
 1.242812156677246
 1.2701010704040527
 1.2588350772857666
 1.245539903640747
 1.295152187347412
 1.2971007823944092
 1.3100011348724365
 1.261132001876831
 1.2953362464904785
 1.2719168663024902
 1.2503650188446045
 1.2724077701568604
 1.2765262126922607
 1.2666499614715576
 1.2652490139007568
 1.2739901542663574
 1.251152753829956
 1.2274610996246338
 1.2569730281829834
 1.2579550743103027
 1.2933058738708496
 1.2553730010986328
 1.2577857971191406
 1.2596368789672852
 1.2519450187683105
 1.2421879768371582
 1.234147071838379
 1.2551438808441162
 1.2622096538543701
 1.2386400699615479
 1.2388269901275635
 1.2944529056549072
 1.3026649951934814
 1.257997751235962
 1.2719900608062744
 1.3313748836517334
 1.2982821464538574
 1.272909164428711
 1.2960710525512695
 1.3142359256744385
 1.276792049407959
 1.2676239013671875
 1.2771849632263184
 1.2308869361877441
 1.2600669860839844
 1.276144027709961
 1.2560439109802246
 1.2866449356079102
 1.2941291332244873
 1.2856519222259521
 1.2252857685089111
 1.2434780597686768
 1.244446039199829
 1.2362098693847656
 1.2295660972595215
 1.2478172779083252
 1.2420060634613037
 1.253481388092041
 1.2636370658874512
 1.257256269454956
 1.2304279804229736
 1.2472038269042969
 1.2255640029907227
 1.2318410873413086
 1.2482688426971436
 1.2482330799102783
 1.2542951107025146
 1.262382984161377
 1.2497227191925049
 1.2552893161773682
 1.2621469497680664
 1.2581532001495361
 1.2659659385681152
 1.2568600177764893
 1.2570197582244873
 1.2269799709320068
 1.3356642723083496
 1.3268780708312988
 1.3438270092010498
 1.3369579315185547
 1.4063022136688232
 1.3940980434417725
 1.3022818565368652
 1.2833309173583984
 1.2681877613067627
 1.2753818035125732
 1.2528283596038818
 1.2661898136138916
 1.2725751399993896
 1.2640557289123535
 1.2807390689849854
 1.2546019554138184
 1.3012020587921143
 1.2667977809906006
 1.2537720203399658
 1.267183780670166
 1.270550012588501
 1.2668750286102295
 1.2619950771331787
 1.2508141994476318
 1.2572710514068604
 1.261838674545288
 1.274195909500122
 1.2566583156585693
 1.2602179050445557
 1.267369270324707
 1.2823190689086914
 1.270071029663086
 1.2780308723449707
 1.2739520072937012
 1.2829430103302002
 1.275055170059204
 1.2674760818481445
 1.2565009593963623
 1.2586028575897217
 1.2617511749267578
 1.249459981918335
 1.2598021030426025
 1.2496860027313232
 1.2527527809143066
 1.2537622451782227
 1.2558138370513916
 1.2685582637786865
 1.2727539539337158
 1.2555091381072998
 1.303123950958252
 1.2576649188995361
 1.260448932647705
 1.2508220672607422
 1.257789134979248
 1.2703418731689453
 1.267158031463623
 1.2778980731964111
 1.2583370208740234
 1.2675137519836426
 1.2728960514068604
 1.2757790088653564
 1.2489638328552246
 1.2544989585876465
 1.2705349922180176
 1.2532069683074951
 1.255120038986206
 1.2589030265808105
 1.2444651126861572
 1.257943868637085
 1.2693169116973877
 1.28871488571167
 1.2723090648651123
 1.2682409286499023
 1.2726850509643555
 1.257756233215332
 1.244781732559204
 1.265498161315918
 1.2749249935150146
 1.2757010459899902
 1.2681739330291748
 1.2467052936553955
 1.242762804031372
 1.2597739696502686
 1.2727701663970947
 1.256335973739624
 1.2829501628875732
 1.2663898468017578
 1.2551610469818115
 1.2496740818023682
 1.2591218948364258
 1.274780035018921
 1.2580289840698242
 1.2634811401367188
 1.2394089698791504
 1.2560932636260986
 1.283324956893921
 1.2857170104980469
 1.2439711093902588
 1.2540838718414307
 1.2639641761779785
 1.2611091136932373
 1.2919368743896484
 1.2728002071380615
 1.2812778949737549
 1.2516207695007324
 1.256761074066162
 1.2583770751953125
 1.2370100021362305
 1.2685589790344238
 1.2691287994384766
 1.2697088718414307
 1.2598762512207031
 1.24843430519104
 1.2560479640960693
 1.257516860961914
 1.2570559978485107
 1.2480268478393555
 1.263164758682251
 1.2573018074035645
 1.2569468021392822
 1.2599029541015625
 1.2443928718566895
 1.277862787246704
 1.2616791725158691
 1.2633240222930908
 1.300062894821167
 1.362367868423462
 1.365389108657837
 1.3109099864959717
 1.3142430782318115
 1.3517708778381348
 1.3866021633148193
 1.317361831665039
 1.303140640258789
 1.331589937210083
 1.4013690948486328
 1.3203048706054688
 1.3928759098052979
 1.3028528690338135
 1.2514939308166504
 1.2577080726623535
 1.2475321292877197
 1.2463350296020508
 1.233726978302002
 1.262035846710205
 1.3075799942016602
 1.3010990619659424
 1.3044869899749756
 1.2862169742584229
 1.2908852100372314
 1.3000202178955078
 1.2862560749053955
 1.3111398220062256
 1.2691912651062012
 1.2442028522491455
 1.2635128498077393
 1.2610681056976318
 1.262166976928711
 1.2381031513214111
 1.259093999862671
 1.252220869064331
 1.2476959228515625
 1.263519048690796
 1.3044302463531494
 1.307847023010254
 1.2774128913879395
 1.2919771671295166
 1.2561321258544922
 1.2604658603668213
 1.2978479862213135
 1.3028922080993652
 1.2880513668060303
 1.304502010345459
 1.294201135635376
 1.2512688636779785
 1.2348341941833496
 1.288905143737793
 1.301213264465332
 1.2690708637237549
 1.2384459972381592
 1.2537128925323486
 1.224581241607666
 1.2788867950439453
 1.240506887435913
 1.2402091026306152
 1.2480390071868896
 1.2598741054534912
 1.2514581680297852
 1.244102954864502
 1.2504878044128418
 1.2341430187225342
 1.2351830005645752
 1.247408151626587
 1.2229249477386475
 1.2342426776885986
 1.226689100265503
 1.2856369018554688
 1.251216173171997
 1.2643628120422363
 1.2567989826202393
 1.2591707706451416
 1.24064302444458
 1.2568800449371338
 1.2571930885314941
 1.2427127361297607
 1.2277932167053223
 1.2316639423370361
 1.242436170578003
 1.2463188171386719
 1.2595720291137695
 1.2263641357421875
 1.225395917892456
 1.2490098476409912
 1.2609469890594482
 1.2431628704071045
 1.2367048263549805
 1.2265338897705078
 1.2509469985961914
 1.2433018684387207
 1.2418370246887207
 1.274548053741455
 1.2688159942626953
 1.2432000637054443
 1.26505708694458
 1.2312521934509277
 1.2720990180969238
 1.2596449851989746
 1.2513949871063232
 1.2566509246826172
 1.2411210536956787
 1.2535972595214844
 1.2408480644226074
 1.2365968227386475
 1.2267839908599854
 1.2396109104156494
 1.263437032699585
 1.2428390979766846
 1.261897087097168
 1.257962942123413
 1.2587108612060547
 1.2430593967437744
 1.2371327877044678
 1.2540700435638428
 1.250762939453125
 1.2462611198425293
 1.232712984085083
 1.2701692581176758
 1.2751989364624023
 1.26065993309021
 1.2707347869873047
 1.2387912273406982
 1.2529699802398682
 1.2898120880126953
 1.329585313796997
 1.3135571479797363
 1.3051679134368896
 1.2766578197479248
 1.2452127933502197
 1.2305340766906738
 1.2405741214752197
 1.2661449909210205
 1.2584540843963623
 1.2353379726409912
 1.3617029190063477
 1.2953941822052002
 1.2536330223083496
 1.2548727989196777
 1.271186113357544
 1.2592639923095703
 1.255342960357666
 1.2455732822418213
 1.2417399883270264
 1.2432610988616943
 1.2501606941223145
 1.2434628009796143
 1.250708818435669
 1.2512009143829346
 1.2553699016571045
 1.263456106185913
 1.2639811038970947
 1.3732569217681885
 1.3661890029907227
 1.3555781841278076
 1.3989810943603516
 1.460204839706421
 1.526343822479248
 1.5143771171569824
 1.3795881271362305
 1.3597571849822998
 1.4047772884368896
 1.3646934032440186
 1.329223871231079
 1.3734121322631836
 1.345048189163208
 1.3064091205596924
 1.2917299270629883
 1.301149845123291
 1.3548190593719482
 1.3216667175292969
 1.3545541763305664
 1.314560890197754
 1.303901195526123
 1.3223228454589844
 1.3202948570251465
 1.3450820446014404
 1.3294970989227295
 1.3853459358215332
 1.3239638805389404
 1.3314590454101562
 1.3090238571166992
 1.2992713451385498
 1.325355052947998
 1.3528940677642822
 1.3112761974334717
 1.300218105316162
 1.2765178680419922
 1.3169729709625244
 1.3215808868408203
 1.338974952697754
 1.2958250045776367
 1.2943708896636963
 1.3167190551757812
 1.3542261123657227
 1.315331220626831
 1.3478152751922607
 1.3363771438598633
 1.332226037979126
 1.3221242427825928
 1.3679890632629395
 1.3369958400726318
 1.388061761856079
 1.2538659572601318
 1.2636568546295166
 1.252990961074829
 1.2475318908691406
 1.2731468677520752
 1.2525451183319092
 1.268103837966919
 1.2437360286712646
 1.2442059516906738
 1.2388629913330078
 1.2504081726074219
 1.2444069385528564
 1.2463819980621338
 1.2625658512115479
 1.2362072467803955
 1.2287440299987793
 1.2470757961273193
 1.2501070499420166
 1.2465870380401611
 1.2272109985351562
 1.2486910820007324
 1.246098279953003
 1.2294831275939941
 1.2450621128082275
 1.2419817447662354
 1.2425479888916016
 1.2361271381378174
 1.222377061843872
 1.267106056213379
 1.2261807918548584
 1.230638027191162
 1.2293519973754883
 1.2406442165374756
 1.2492287158966064
 1.2414419651031494
 1.2613270282745361
 1.2488877773284912
 1.2551369667053223
 1.255100965499878
 1.2271101474761963
 1.2268528938293457
 1.2626800537109375
 1.2284958362579346
 1.242516040802002
 1.2283151149749756
 1.2662978172302246
 1.2705168724060059
 1.2672548294067383
 1.2633018493652344
 1.2476601600646973
 1.22947096824646
 1.2387268543243408
 1.2485148906707764
 1.2473862171173096
 1.2617478370666504
 1.2783939838409424
 1.2534739971160889
 1.242906093597412
 1.2552049160003662
 1.261542797088623
 1.2319469451904297
 1.2366132736206055
 1.2317168712615967
 1.2454652786254883
 1.2410619258880615
 1.2570900917053223
 1.267530918121338
 1.2670509815216064
 1.239556074142456
 1.237701177597046
 1.242279291152954
 1.2771790027618408
 1.2458910942077637
 1.2487807273864746
 1.237267255783081
 1.2366490364074707
 1.2461938858032227
 1.2324769496917725
 1.236706256866455
 1.2353427410125732
 1.268578052520752
 1.248687982559204
 1.250931978225708
 1.2437951564788818
 1.2418863773345947
 1.2269158363342285
 1.2310152053833008
 1.227268934249878
 1.244337797164917
 1.2462410926818848
 1.2525429725646973
 1.2357640266418457
 1.227504014968872
 1.265611171722412
 1.2522571086883545
 1.2347171306610107
 1.3353819847106934
 1.2673099040985107
 1.279547929763794
 1.2570292949676514
 1.2752161026000977